LexicalReordering0= 0.0768643
LexicalReordering0= 0.0170501
LexicalReordering0= 0.0335828
LexicalReordering0= 0.0302264
LexicalReordering0= 0.096338
LexicalReordering0= 0.0538495
Distortion0= 0.00064753
LM0= 0.0599428
WordPenalty0= -0.222489
PhrasePenalty0= 0.112504
TranslationModel0= 0.156667
TranslationModel0= 0.0188803
TranslationModel0= 0.113242
TranslationModel0= 0.00771723
