LexicalReordering0= 0.0402841
LexicalReordering0= 0.0241062
LexicalReordering0= 0.0468909
LexicalReordering0= 0.0624921
LexicalReordering0= 0.0583843
LexicalReordering0= 0.0960615
Distortion0= 0.0140549
LM0= 0.0469445
WordPenalty0= -0.208147
PhrasePenalty0= 0.199011
TranslationModel0= 0.0654042
TranslationModel0= -0.00289642
TranslationModel0= 0.128079
TranslationModel0= 0.00724462
