LexicalReordering0= 0.0442097
LexicalReordering0= 0.00757554
LexicalReordering0= 0.0514603
LexicalReordering0= 0.0685818
LexicalReordering0= 0.0640737
LexicalReordering0= 0.0818921
Distortion0= 0.0154245
LM0= 0.0515191
WordPenalty0= -0.22843
PhrasePenalty0= 0.160935
TranslationModel0= 0.0706493
TranslationModel0= 0.00673798
TranslationModel0= 0.14056
TranslationModel0= 0.00795059
