LexicalReordering0= 0.0439375
LexicalReordering0= 0.0075289
LexicalReordering0= 0.0573
LexicalReordering0= 0.0681596
LexicalReordering0= 0.0636793
LexicalReordering0= 0.081388
Distortion0= 0.0153295
LM0= 0.0512019
WordPenalty0= -0.227024
PhrasePenalty0= 0.159944
TranslationModel0= 0.0702144
TranslationModel0= 0.0066965
TranslationModel0= 0.139695
TranslationModel0= 0.00790165
